0.3360338039050711,0.917290724502693,0.0,0.37807053663960666
0.6234735245068913,0.8325605483426924,0.0,0.8838270286775427
0.9646528268727602,0.49740340693000273,0.3554160106215192,1.0
0.09661531253538935,0.5340945661012161,0.0,0.2520664163520103
0.17610461189555693,0.1480346991764081,0.0,0.022158794197460807
0.21969569120489785,0.12002471474662024,1.0,0.21431682078319714
0.4582358275194469,0.6501512744447657,0.15469236118032725,1.0
0.7897832533232493,0.2857567861173309,1.0,0.477768164483412
0.7002460012145083,0.2587733967260717,0.3881204520155266,0.0
0.24862389376554106,0.5241666411153653,0.0,0.520995405705901
0.0323085533590709,0.1814903160350887,0.44952581034931516,0.0
0.1952430874830957,0.10277423862266133,0.21715947066262808,1.0
0.5801035157165115,0.34379258741019436,0.7217650454594611,1.0
0.4124957347381504,0.24691931827450553,0.24181088262062156,1.0
0.1966228504627957,0.8735458835267265,0.7890179565020752,0.0
0.6871300565890252,0.7596845892241421,0.0,0.48234161016040344
0.7378131441082295,0.9106943230905379,0.0,0.3032342962565897
0.7856497508336872,0.3965129468201489,0.35699179281877935,0.0
0.9289429877426105,0.6412353433001213,1.0,0.9911039675642743
0.08316369498878573,0.78887234169159,0.884368258873844,1.0
0.2791458392651903,0.36267423021838396,1.0,0.8874143485340356
0.8916968045016915,0.44096066138734225,0.5111524108771577,0.0
0.8552027141478343,0.8052121933795185,0.6801503757273792,0.0
0.7854652831951875,0.7901089931835431,0.15246432104300522,0.0
0.32394597583527274,0.37045610222141256,0.6732944081601597,0.0
0.19719095849405677,0.7381550399561345,0.0,0.7944630508009731
0.9169234551892241,0.5005973546639021,0.0,0.9241861528275574
0.5170535964623572,0.9337703107473622,0.0,0.9819491765473249
0.5718581124190023,0.7234252380987196,0.0,0.7560430359342809
0.33096356459051157,0.3319714025867383,0.5162561449199679,0.0
0.4591193509750957,0.25134558755556835,0.0,0.09178542222155883
0.3972095558591118,0.9759061791277931,1.0,0.3324993348359233
0.04028506870810511,0.12554986900432685,0.3446050132122731,0.0
0.686933579947695,0.2036752268186075,1.0,0.9171131221465472
0.8094313522318827,0.4062678748013179,1.0,0.34227649015475947
0.3017897665570146,0.5813870469301342,0.0,0.02944965657289922
0.8264975845043708,0.6584262268226901,0.0,0.6619464748577806
0.3642461703225097,0.16319217838452738,1.0,0.977576590060178
0.9020283566733045,0.6453713628298782,0.0,0.38027557475274953
0.20296546611716182,0.09560231421312593,1.0,0.8346319573695755
0.6011236768766938,0.06682039904425363,1.0,0.6575920451099835
0.5359181475409217,0.976157739992507,0.0,0.42880630333339864
0.8679177800524027,0.7442041775864054,1.0,0.4509603752220164
0.8662865434190815,0.751892824415445,0.7107664693996685,1.0
0.7378434822704174,0.36375355376914287,0.925472810016196,0.0
0.40071656341596884,0.10661913935848455,0.0,0.3776673182564312
0.50559852384481,0.5619630727042833,0.0,0.4503265059971606
0.5950217813467857,0.9823786909881921,0.44421966447195826,0.0
0.6545478762101973,0.16749501755498264,0.0,0.25656615237957814
0.4300947782696031,0.8950598940502641,0.0,0.8788333186624238
3.4255645852021566e-05,0.48983384985366274,1.0,0.40873776989528743
0.7668992062787547,0.0336062344047543,0.0,0.5448446869356687
0.45355802714248694,0.7579346243525138,0.06810826411033011,0.0
0.7798091550556717,0.24683528827986478,1.0,0.12604856167390022
0.11295886241090936,0.04819073995075451,0.3478884970874141,0.0
0.46032498623739937,0.7169505702256517,1.0,0.7223758526280442
0.08005754482610095,0.6983090448504508,0.0,0.3131681618453097
0.12450880755743621,0.7138012080215853,1.0,0.24399707634998347
0.008566189729205864,0.7689640977259894,1.0,0.25218590424210063
0.914111284312641,0.2553340666555858,1.0,0.08720295126098954
0.4519535702660942,0.11149551061662022,0.3254881802904088,1.0
0.6721318312551978,0.8036826068944938,0.0,0.40555592638864946
0.5425767154500325,0.6402219103279474,0.34299676564792003,0.0
0.10371235652795752,0.4073644050357562,0.27396228490142205,0.0
0.9004174233459276,0.14887359316338844,1.0,0.6667490133969189
0.4173018192959095,0.8002832927273127,0.2677405305314089,0.0
0.025424395838727687,0.8974844552147039,0.0,0.9195530363908593
0.4323986041516795,0.2261462129411883,0.41908884010170544,0.0
0.14955481129086334,0.8959981090724788,0.0,0.7366136372571996
0.5812975705816771,0.8641216861333573,0.0,0.001980152305055327
0.3388988999325987,0.6114745172491904,0.7855134128152073,0.0
0.3682534020300231,0.18769074175846123,0.41328115810070054,1.0
0.8705110786406566,0.31574222493715964,0.0,0.8364286128961806
0.5445849458534354,0.6108065750537067,1.0,0.1103695785117691
0.09110561627475122,0.42606976106597283,0.3640063278001664,0.0
0.2692828824546405,0.435367853780548,0.0,0.6511730673200038
0.4195350339270715,0.36352396991413716,0.7719982499378566,0.0
0.9060220175516899,0.29505925561517765,1.0,0.16784166999726313
0.20402797209366674,0.3193642990215604,0.6649663444231222,0.0
0.2640154252743644,0.046112956661796156,0.3109181369360119,0.0
0.8459704735356607,0.6230374896367242,0.9043290500482062,0.0
0.3548271378745561,0.5225284798028913,0.0,0.23184326915318065
0.6125711939190622,0.13715199583430138,0.30201288866332954,0.0
0.5377623895179339,0.5652168096270804,0.16327698920841716,1.0
0.3922410643628247,0.5543936357770795,0.2681598545186774,0.0
0.8409452225165437,0.5563546117821425,0.0,0.6753638672280036
0.7196674624304317,0.251043016144169,0.7546211253589568,1.0
0.2473935398454853,0.13776632698644986,0.0,0.5501361689419269
0.8392490494100222,0.08459642288949365,0.9284712910172823,0.0
0.8815255765721955,0.8292819845473187,1.0,0.13459567040801135
0.05381866044003092,0.041847021279165286,0.9478829578589449,0.0
0.24579391535834605,0.5811076307618719,0.33445966346476386,1.0
0.14880931501845207,0.797438715952282,0.5208836964077985,1.0
0.17225389517077483,0.08869295887948003,0.730595608076599,1.0
0.8246312362954306,0.5197721552724988,1.0,0.1225713128635797
0.5359375486356626,0.5165781622392436,1.0,0.5122768777358124
0.5633818745855819,0.6829807816425515,0.07621888061759385,0.0
0.7141848693150752,0.15129808024481883,0.8829851227428036,1.0
0.9562463868340962,0.035266776914744,0.9396056943017292,1.0
0.5087322348972161,0.3010728333955006,0.0,0.5505703142476199
0.9102155765860035,0.8287470047985942,1.0,0.09780175951767811
0.485192779675906,0.19668985085679214,0.03992797799608239,1.0
0.4282156302180874,0.5397264617352007,0.0,0.5396253922956649
0.15012736522867687,0.2523558614695378,0.15272582181105454,0.0
0.5180563849102418,0.0837314314728832,0.07305839296285033,1.0
0.22242296841751763,0.180496660434453,1.0,0.34340832503497065
0.40007958429211155,0.1440791628889745,0.581275302755468,0.0
0.7869834655960188,0.7647358452532681,1.0,0.21453482567315918
0.9462872021332739,0.39907899551039827,1.0,0.5956957541052219
0.7214944790161546,0.8324609450251745,0.11044618807969453,1.0
0.9459249630672578,0.17420749420286086,1.0,0.7117274419171689
0.8067799071325001,0.6955339359256167,0.554435814283293,0.0
0.5634830146748896,0.11523769387416316,0.053626685811851704,1.0
0.857531169791199,0.46025340670473247,0.6572588941239248,0.0
0.9615879489622111,0.01732335402797336,1.0,0.09575615580813501
0.018635878323255417,0.4123207967359054,1.0,0.1234774210054419
0.09505996207194811,0.2635839460557693,1.0,0.7666495660341566
0.5030097540215874,0.9174143467957466,0.0,0.5634253790033594
0.6138831508191512,0.8162986978781266,0.7790406519441815,1.0
0.37392000304442785,0.6103193843699443,0.0,0.6681758857632314
0.29174226552988447,0.7980853214884631,0.0,0.29971970041868357
0.4356207060390038,0.22619618806917996,0.5331709316850186,1.0
0.5886737374304771,0.8687463418008142,1.0,0.1499471139577393
0.48772177865833977,0.006632110475576991,1.0,0.4196985743315156
0.3859624020635518,0.27974918142169847,1.0,0.0127246491040518
0.22841430766907933,0.8984933250670654,0.4483682116357457,1.0
0.8004603560539137,0.9589653217469184,0.18978446839431884,0.0
0.48356915110014,0.6922607838174631,0.3138119863098612,0.0
0.42566552028058635,0.7378138051222832,0.2484074849864748,0.0
0.5244436902528476,0.37805746004743945,0.5214982817691718,0.0
0.8193582244081183,0.5511449876145973,0.0,0.19401773847676917
0.7078722391756801,0.9719560484836528,0.0,0.025394691874891517
0.060893652762849304,0.5905560408982443,1.0,0.4480348446395688
0.7992692619987657,0.8184091143459722,1.0,0.3064137868358281
0.30175126328969903,0.0468347838465043,0.3002087623471379,0.0
0.33899918630943515,0.40522767201119025,0.32122254775642256,0.0
0.6199638256858254,0.42258381213538576,0.3344508934828383,0.0
0.5452728639338079,0.9344502888034277,1.0,0.9951552131062673
0.9143818502026623,0.31009480886226004,0.26969850418385954,1.0
0.3741595866430478,0.23993766960448037,0.9560650532247617,1.0
0.32659982731572124,0.70608529140465,0.0,0.5497887553806358
0.7630099879284074,0.6660603412340674,0.6725947298428032,0.0
0.8605137971149861,0.48374530151939665,1.0,0.339320627296297
0.7494380520777155,0.7865097261566477,0.35222016587714267,0.0
0.37957882937538057,0.6225353888366468,0.5485003975674365,1.0
0.3580546114350148,0.4789661618574288,0.5027727637158845,0.0
0.42305203296928895,0.03240024495554028,0.0,0.11245764364466648
0.37503513070160954,0.7489511981736617,1.0,0.2129538827123887
0.16932177574854212,0.0777856065160707,1.0,0.6232605829181805
0.7079691094755948,0.9864598626565084,0.7807939216912758,0.0
0.6426915517645901,0.39273443825197785,0.5404835453411452,0.0
0.311430727114854,0.4295570344554813,0.5962984763737573,1.0
0.8350904462579536,0.08364998849284988,1.0,0.4996675629610259
0.6226347833166359,0.017376557556306182,0.9555271582761029,0.0
0.8586622366400513,0.8201252534391535,0.0,0.59657514839378
0.6097542679792355,0.6325115721342521,0.0,0.1610604193151537
0.053720591252820915,0.8087124704151072,0.4743197090801461,0.0
0.5678322266531962,0.8654191311437626,0.6163378559535815,1.0
0.5376760029856696,0.9574958871323245,0.0,0.4514929015381566
0.9228042781194895,0.8617365356755288,0.0,0.26843974448739294
0.7458874851270035,0.6356928169782466,0.4981202363175181,0.0
0.7952907472010788,0.32052810445085855,0.0,0.45094108871814287
0.10388470476838263,0.5034944010714827,0.379707341423682,1.0
0.4773903840176875,0.9361213232674617,1.0,0.6143043342491987
0.6822513810837526,0.9501182041354828,1.0,0.09184044552131088
0.7716382958910376,0.5832868361591191,0.7854039837085858,1.0
0.6195899157821532,0.3819162895779371,0.7974898862178654,1.0
0.013102567892018468,0.33453566430693105,0.7784653553849035,1.0
0.9322185330332804,0.5907257604003677,0.20332217026798816,0.0
0.4404846722826409,0.5350512853135583,0.47438366225948325,0.0
0.9332405445321889,0.21688675901815757,0.0,0.724144816294876
0.3906422977007544,0.6158951823274103,0.25003434846430483,0.0
0.9748804442546201,0.9138655472427143,0.7036731770287101,0.0
0.3819618119591702,0.28579167090884183,1.0,0.8461512433061484
0.15082480033207624,0.9654042944710063,0.7308656212123443,0.0
0.17822844956242145,0.5381023290760414,1.0,0.35743252582491625
0.5730769225181143,0.9786745748946081,1.0,0.44752868430840964
0.34278370917295975,0.7439230998383826,0.15895400378311608,0.0
0.19123611230855397,0.4250501805151906,0.0,0.24403678073791024
0.06640231637326821,0.05244205416171244,1.0,0.8687163558019693
0.12813336053974544,0.0034915197317356705,0.0,0.7907841046567601
0.31910748196190886,0.9734131385863376,1.0,0.662988424105551
0.003070792398951916,0.9003671742088244,0.8616935997779653,1.0
0.18573105205034568,0.7535170188315173,0.32044164152141486,1.0
0.4878842899064708,0.8700413151398365,0.03189700778430904,1.0
0.16501160840336204,0.29456974439993255,0.0,0.21652669996587992
0.36518155537534613,0.3761155834249915,1.0,0.1117615053113501
0.2789994311945878,0.4635252315234506,0.2433731668685466,1.0
0.49272670079065484,0.7097046073224985,0.7058177052419286,0.0
0.23379849342134884,0.1034918134663474,0.6880107096570063,0.0
0.2041238422167072,0.5348853532370248,0.2787733716322349,0.0
0.7995055552337335,0.13043047732747315,1.0,0.8238644298762794
0.5731692260027318,0.7721740993261006,1.0,0.2478250295872364
0.6333137294904612,0.1669859824785732,1.0,0.6691423620962609
0.7656253906830175,0.8833666799891208,1.0,0.8179620078928287
0.1437667017152846,0.27949651080264915,0.23388523645548043,1.0
0.5830984638151187,0.9225607117172729,0.0,0.948833971252006
0.7143015208917374,0.6661644184082935,0.0,0.5862510504087868
0.5524388401694812,0.19182439920000383,0.12427049878884366,0.0
0.8893880281477786,0.7162774371852247,1.0,0.04992706161752425
0.6097971433194226,0.9250895846466963,0.7275402017883632,1.0
0.4542006494004446,0.7277599798119909,1.0,0.9829132339540783
0.4679897988361871,0.14456258043751502,0.3123299969339932,0.0
0.13219432834328015,0.44106889071658306,0.7731777013718797,0.0
0.1879910122204277,0.7389375204735538,0.1342275034612963,0.0
0.5279285041813165,0.7530303587846526,0.7418229013076645,0.0
0.6799614488995489,0.8686095056718811,1.0,0.2027553303843881
0.6702067507925581,0.2631518445771156,0.2914461530293506,0.0
0.31664996832680536,0.4899198679789739,0.34608817371229916,0.0
0.749344955264894,0.7363643882717064,1.0,0.9473102909325841
0.059088275815489255,0.9470437896076823,0.0,0.8201940821123292
0.0849147098839188,0.7588177403404188,1.0,0.14009843145133205
0.9449386297451245,0.12744168016172508,1.0,0.6426314198471883
0.9320719747202448,0.005374798034524675,0.24664588799141418,1.0
0.06730143449001269,0.013028893052975388,0.3598705761465246,0.0
0.627647299945695,0.8020241097211178,1.0,0.6187035552807321
0.7949181951628145,0.5129999240699296,0.0968040081411532,1.0
0.6197791190751843,0.5318731778073532,0.6242528060776036,1.0
0.23894681336060408,0.20831384297581645,0.3862840729338646,1.0
0.5311048014336829,0.7958790919235466,0.6587096959093541,1.0
0.12347850371602886,0.37273976116023844,0.0,0.8222169783169462
0.833453372291418,0.08421440338851671,0.2417716143512636,1.0
0.8757668131491471,0.26729264345486636,1.0,0.715330089456526
0.9022752558351078,0.24353398861850173,0.6879524897449079,1.0
0.4706947250131045,0.7406912450883513,1.0,0.18454035298744031
0.30992165784393677,0.6485541185458253,0.5325901021730637,0.0
0.5745076357467267,0.18257926204445885,0.5043740620392763,0.0
0.6751540177433617,0.2859557006282374,0.505671256762676,1.0
0.7239744557956451,0.2708579611902169,0.6212137991195417,1.0
0.8572085541462685,0.20305154966516803,0.12453480930713878,1.0
0.471325241494322,0.26493859660011243,0.32303528468367837,0.0
0.2936382175413964,0.10745493485497215,0.0,0.08110245705932906
0.6071231678963309,0.3778863457737974,1.0,0.5046260396151614
0.3524530042194779,0.84437282204668,1.0,0.028413429871136486
0.19384919081638496,0.12152848263342919,0.0,0.6821584552527522
0.7956239602411961,0.09810804257094252,0.0,0.8790847534580566
0.9967510486627447,0.8891077028989882,1.0,0.8019153080851176
0.05273265315417908,0.0036709297973150923,1.0,0.28064548143428647
0.3455586537426475,0.033910297075222307,0.23404089144314977,1.0
0.10928074568014723,0.639211999264361,1.0,0.1688649401196285
0.2696574669147048,0.7139486576010349,0.0,0.2643637922156241
0.4061399678344516,0.6938637511327211,1.0,0.5186691611459824
0.5124499181749018,0.7530797284930058,0.9812648194679152,0.0
0.8468235813618715,0.7856614786688381,1.0,0.5811844844408873
0.4663044385075884,0.10976807761400431,1.0,0.7611953478087989
0.040631872645051303,0.06248073272926513,1.0,0.6065201538984826
0.9946629765043542,0.9388056364810832,0.9739369495457049,1.0
0.9461396471723394,0.32031159907972906,1.0,0.5213476985487211
0.5343327099198723,0.860957588145709,0.0,0.10376175875752836
0.8024353379412111,0.6667150188144819,0.13615818862104767,1.0
0.05853285235640404,0.7631780322245336,0.0,0.1214708609550903
0.9215515241706221,0.29952300170160184,0.0,0.6390819283506324
0.24383915462134564,0.6066555096059617,0.6204609135898562,0.0
0.19528639019931793,0.711857581678406,0.33242249934734547,0.0
0.7266139163483022,0.05955793697081224,0.0,0.44368842584388
0.21525980719233273,0.9383317914851298,0.3355242298124814,0.0
0.09613922265404362,0.23070275712311017,0.5591794312661964,1.0
0.46293447870455084,0.360072351196991,0.23084531686715826,0.0
0.013412547385027618,0.0226680647324361,0.59635481354514,0.0
0.6935342497945046,0.7396650845530651,0.27550700828200947,0.0
0.2200144113735889,0.31457038760564715,1.0,0.17757142404587611
0.5522677754707644,0.15892337882456442,0.9464796786626204,1.0
0.746467768483247,0.6756980563942782,0.0,0.19423806622618356
0.2676768767473696,0.4163117777557217,0.5127610634599851,0.0
0.009429039684364593,0.8889020052297122,0.07962710865278089,0.0
0.13326536695483182,0.9397726253188432,1.0,0.39204645022856255
0.35621532017068025,0.8467987598444844,0.8290909083595084,0.0
0.03360480878922989,0.9596667911543291,0.549006613267327,1.0
0.5144131953304982,0.8742201901126784,0.9696662434723629,0.0
0.42755799980817977,0.13667850487633737,0.24879815509633652,1.0
0.26529898674864705,0.08351593423583126,0.17448426130292072,0.0
0.23370307755554065,0.9517691496555741,0.45577063188224454,1.0
0.3402297255391674,0.21705472558656602,0.0,0.686050970482813
0.7232139519582135,0.8963778203892686,0.02147441524015159,0.0
0.812086216106434,0.8141729046373916,1.0,0.5497904000555685
0.6941421579458074,0.9566386138056662,0.773484798330029,1.0
0.24763118204011747,0.32329156770877865,1.0,0.1288069679187145
0.12718100984834146,0.6052808136041176,1.0,0.5905892739319181
0.9724881005142028,0.7329465915846242,0.9313491554284963,1.0
0.7828804489537139,0.8294657086088328,1.0,0.6669919918712579
0.29862000358549523,0.3806529966328741,0.5306533756083689,1.0
0.44459753395276136,0.7340302376707537,0.0,0.2892416846977497
0.8834955890447092,0.9041666333794053,0.0,0.7542869372669747
0.3718222480774057,0.7621385394015517,0.38489113848877166,1.0
0.14111946729312108,0.7411186399505051,0.8085095615618201,0.0
0.6021467017093814,0.786259180373733,0.7792384859087869,0.0
0.2863085222991617,0.592388370759855,0.2687969974678164,1.0
0.9524291219171466,0.17105569650641472,0.8766666767113871,0.0
0.5935260584554327,0.8212502352151957,0.1321672747655862,0.0
0.823720979667236,0.4572618719977628,1.0,0.47822981364368244
0.6629767467263494,0.40752425579978224,0.0,0.1785206372074275
0.2334460251978493,0.27472496871377017,0.9147729853828195,0.0
0.928658840962591,0.031482121441676836,0.19804529519838932,0.0
0.32415161287322924,0.8361355573245878,1.0,0.8148284525488063
0.600484686744094,0.031123020870459817,0.01839515115869128,1.0
0.6322800478793434,0.666314752678521,0.4390111953642002,0.0
0.34421558476859127,0.672626784292782,0.3535893866040998,0.0
0.19318837816751466,0.745833753522762,0.0,0.08823080370269576
0.21364534258534373,0.5691737200295823,0.0,0.42789423839671903
0.29515899258773826,0.20901772404817642,1.0,0.5313609646524604
0.8486101605132575,0.4052385251017847,0.3342281913289358,1.0
0.8140238822348015,0.6681329720719545,0.9773852858357177,1.0
0.2059861392617135,0.5276724794381595,0.0,0.5428266499397938
0.028335140713702356,0.8886084187965508,0.4125519987165922,0.0
0.8361128426220589,0.02808035452797697,0.4420427838530858,0.0
0.19361505438593907,0.2772050240763174,0.0,0.5333865930362016
0.19064862881232136,0.21226898135689198,0.1543133108530821,1.0
0.699063460251941,0.060189889732391144,0.9957408258047953,0.0
0.4001272691765979,0.7303713078594128,0.23966924550623636,1.0
0.864295238741166,0.6735603418003473,0.0,0.9922443082735319
0.8146224159659166,0.31836494789886993,0.0,0.8361046546564452
0.674084221563779,0.6024803549037612,1.0,0.42004959254234686
0.6581262947025601,0.8520535972035072,1.0,0.620857722913176
0.2981526457920779,0.0764823656914898,1.0,0.5817380295683594
0.14415471579652883,0.037849073690592205,1.0,0.666197522605358
0.3327039416493067,0.7716215052215203,0.4457933574414321,0.0
0.4924550603666842,0.9044642447568688,0.0,0.8476087396807963
0.9076118169685473,0.3832245367132824,0.8364193126340571,0.0
0.7489740759279021,0.37509810789542264,1.0,0.15377009709678546
0.4177035459737596,0.11823827706471446,0.0,0.9804105883539842
0.5000987482610771,0.890059219226769,0.35249683573031554,1.0
0.1738750647448407,0.46446179805198096,0.3859205000982029,1.0
0.7036469116854914,0.33436999007077806,0.0,0.32726245658568587
0.9275406609219065,0.06088931493493843,1.0,0.5655487423219299
0.4507786203376448,0.06821479416563303,0.48619316962189885,1.0
0.39110466622146245,0.3724545180906146,0.9251962755661438,0.0
0.35646490649279505,0.5468009938794806,1.0,0.9809536265094607
0.1832359568969083,0.7292597929561151,1.0,0.20297205532236262
0.7812392012723307,0.9937442938138824,0.48145199037659747,1.0
0.6015697707144491,0.6680210094591321,0.7190789149039092,0.0
0.40512293347536654,0.14855960227798892,0.7299224460497387,0.0
0.36263084073119567,0.35094639939902594,0.8328082451852952,0.0
0.28133978511091773,0.38448662135261835,0.054207104402772543,1.0
0.08828018281495953,0.72781177428664,0.15010364609521387,0.0
0.6909833863503742,0.3292813643920517,0.4183994757824312,1.0
0.6227574979655134,0.3500516490819491,0.9932707667307978,1.0
0.1758081610020712,0.5949947314501953,0.7423957251530116,1.0
0.613746317714204,0.14630223442260615,1.0,0.8909536250261372
0.4556768030147553,0.9172537840818348,0.3191786231340572,1.0
0.3948905829407745,0.2152357398927115,1.0,0.8053734856251937
0.7676730398747894,0.9195768298509983,0.347823178470847,0.0
0.13715428178790123,0.2395020881442287,0.8955865220558765,1.0
0.4858596504400814,0.6017715957229335,0.7256064948680563,1.0
0.08943876879158807,0.3498580455139395,0.0,0.7140440815952442
0.10190703161295311,0.36546506695958136,1.0,0.5418033125764126
0.172648051929562,0.5919373917966161,0.0,0.3255785605696442
0.23800265251657537,0.16903531940483119,0.0,0.5446145020054791
0.8156184007397479,0.006917891113773167,1.0,0.8537892112468164
0.44821288123818803,0.1334288029254168,1.0,0.8721890781560053
0.8994256509252172,0.125265470085119,1.0,0.7114143492313834
0.5762761108744173,0.9958454680507814,0.7215136681907768,0.0
0.9839762706956524,0.38647045982756756,0.0,0.30276400828852656
0.6828732653422059,0.7697742729902456,1.0,0.42314046464763067
0.4824410454477598,0.40285093061332655,0.054829706907900455,1.0
0.11475668606590061,0.11251016331741281,0.0,0.8098130162761503
0.12105017452548206,0.4294778322028332,1.0,0.6172459370357606
0.717012837389735,0.9018210666086581,0.0,0.6700036622708985
0.8875836651608827,0.273346199415364,0.708247819896425,0.0
0.5030357769862206,0.2971707961828952,0.9230912457690672,1.0
0.7220677201853325,0.8132927844849227,0.0648840987777537,1.0
0.9595106214123854,0.9758113915701935,0.09940547288647394,0.0
0.6275765602540664,0.7100994921463271,0.0,0.6707299831521958
0.30229399245836075,0.0904857418183238,0.0,0.0575030765728739
0.40961243636006717,0.8206799653300391,0.0,0.07685474441691831
0.2348458940355832,0.9762487823848347,0.7548497550099564,1.0
0.3005342461587406,0.31070336448255587,0.598071161718035,0.0
0.5477838808254052,0.864436609994551,0.34826512033862,1.0
0.14221500869193238,0.9895903695948676,0.20802142768603415,1.0
0.1598546028741813,0.5609738379329521,0.3490024879652096,0.0
0.03624130272693893,0.8328156782347781,0.0,0.727115171743816
0.8301522128384361,0.6211434437164507,0.6624524747774818,1.0
0.3846458939436527,0.6228451598261268,0.0,0.26548977479265234
0.7813043073921753,0.6324907514251578,1.0,0.34731712400143433
0.7026587387948534,0.20853329871863158,0.0,0.7071666150131994
0.48092158993197065,0.828845896582105,0.0,0.5249532422953984
0.3101235278939417,0.8232947700783722,1.0,0.14197477232377897
0.5937245955328306,0.4077630085243861,0.8433339808006441,1.0
0.8882645381069865,0.08337483773180054,0.5324337813773465,0.0
0.51417044214565,0.8756157829159372,0.6825481061059202,1.0
0.5594627749852012,0.5839727676309411,0.0,0.5478900999998739
0.24117401445767317,0.8000333589794256,1.0,0.5621080676830119
0.5930845584342799,0.5002624485774164,0.9616704150003281,0.0
0.29886207423704003,0.09033302965721812,1.0,0.8191836119432248
0.18973885193726014,0.7569418958149582,0.0,0.7002457819927193
0.24688361617795085,0.5316246611707657,0.6148312940947926,1.0
0.8845740599657154,0.4703518393763295,1.0,0.15231505912120724
0.028443381210931595,0.17708430814986642,0.0,0.07806535238933954
0.4300113060440811,0.6202575549259718,0.4875786923614922,0.0
0.25308899385676054,0.8588074291380069,0.0,0.1555654030811584
0.29069679698265927,0.9789767976469226,1.0,0.7708993257857526
0.6090868795121289,0.22789312196120448,0.6786444327087953,1.0
0.7434765700044995,0.7222752936457186,0.0,0.7479340318417109
0.17484078889943033,0.7540523586180601,0.9552904493978525,1.0
0.7042552101366049,0.5092792688154151,1.0,0.2809755003742427
0.8659012923892362,0.9649353991061722,0.13888567883168967,0.0
0.33153270114313627,0.3500813423251067,1.0,0.09437620045161754
0.6057837599880159,0.880832544180073,1.0,0.9709820467070327
0.03419560151501477,0.9269431736590642,0.0,0.25583117034533887
0.5872074646212435,0.21571727875238889,1.0,0.9161621230458348
0.9304158437869006,0.3395296725613569,0.0,0.8276673435242503
0.5521668722905386,0.6239735369785917,1.0,0.05313413762965791
0.7904186734473184,0.0576875213774104,0.8402330682899564,0.0
0.7231272809785373,0.01754937429974368,0.1193928820927912,0.0
0.9751035896417242,0.3596891907102654,0.5757844379513979,0.0
0.3436455111086405,0.4333723829368782,0.0,0.3399276044100583
0.6744484350645279,0.39779038942787337,0.7748000055499777,1.0
0.6862838875214191,0.647587639898705,0.20337261234970194,0.0
0.01665777038727001,0.39368587984176673,0.0,0.5303986672352923
0.19216818358261412,0.8323548958964315,0.687411712462731,1.0
0.42851563057269904,0.21771291181878472,1.0,0.03762876726663622
0.44597960020472016,0.1670751984011436,0.39727058553777717,0.0
0.46874553674829356,0.21728905994634962,0.0,0.5446843895641731
0.736064456919407,0.888099269798321,1.0,0.24583307984032432
0.577650714674748,0.9667753582807722,0.9313866948406391,0.0
0.6934109967998834,0.2014219335022568,0.47000408467172106,1.0
0.01260023237545882,0.4793022434819618,1.0,0.11285268197304132
0.9511295556609907,0.6590427714138849,0.8470762209026188,0.0
0.07606706738574454,0.06406720412001199,0.2894055601834289,1.0
0.8694662787655213,0.30958863791794666,1.0,0.33016190022769587
0.7936767456253261,0.5269977588620546,0.12335819191115371,1.0
0.8607538890486119,0.48916482605846634,1.0,0.8400824734242831
0.9781223822141193,0.37311613748551964,0.9354946578150689,0.0
0.5433345227439094,0.6353145598762195,0.0,0.9926070036486156
0.7727155230377096,0.5985027473634016,0.44717266247072507,0.0
0.14399642369322263,0.7766601421939378,0.0,0.26822614174298964
0.04684817631985205,0.634065681789515,0.0,0.4190803119062454
0.38774277579039973,0.882286076205648,0.24308159746960945,0.0
0.5786982316307984,0.8039874195544228,1.0,0.8731815247816663
0.23375893701515948,0.7339494088978623,0.38732314224961595,1.0
0.9791889857098859,0.40832393259746236,0.3127995857351684,0.0
0.48230637683037514,0.6368743339109754,0.7409158690008906,0.0
0.2276885485112442,0.9673441617280578,0.8308651840618837,1.0
0.9664537953068759,0.12475413492520337,0.3586653425230262,1.0
0.7554762468762034,0.7278857383953276,1.0,0.23789118328407177
0.1340329853433727,0.24976518746126908,0.9876908380272664,0.0
0.8271384588518714,0.38068925249796304,1.0,0.7599653270373676
0.5848718779860593,0.6672087527099619,0.0,0.3793305455949936
0.4187797307655643,0.3794726358100573,1.0,0.09308951052466563
0.8349950473819968,0.4930089612741776,0.17127777410880896,1.0
0.9644645634966758,0.7367589701805826,0.024963262990356228,0.0
0.14908305356225093,0.38501263211782244,0.9565489663107742,1.0
0.2729731136422219,0.8883638709874597,1.0,0.644535730354348
0.48913723821521793,0.9064537763206986,0.5292131307396786,0.0
0.40281788026350385,0.7377549773826667,1.0,0.8048967993668281
0.15545890601618229,0.5420612557361691,0.07513069440463793,0.0
0.9318512250746902,0.11443951302222244,0.38203564380154065,1.0
0.9986558442554209,0.0528978131551332,0.4657989411507111,1.0
0.4229887910587792,0.9125388313467477,1.0,0.883357531020716
0.6650192599883392,0.2234161730067964,0.0,0.03814241534605278
0.09435264113483488,0.5130194801295651,0.0,0.5534091630799112
0.6789822539843293,0.3443549145579511,0.7525781104401861,0.0
0.2222389018419727,0.627697479764355,1.0,0.08657476400186903
0.7108810612397397,0.7309728982737584,0.6548609596471064,0.0
0.274351359555394,0.013196524126947162,0.0,0.48668749447552884
0.3495752500316819,0.5079680194580902,0.9252362213671335,0.0
0.6192319466913069,0.26352339440813977,0.22166552813698903,1.0
0.9530185725127159,0.42422747372990277,1.0,0.3593867012691123
0.019702481032489505,0.9506302536610768,1.0,0.82372949799197
0.45662472665221854,0.3777094476598569,1.0,0.69173576533194
0.3312283722286796,0.20469941215849718,0.4802430959132904,1.0
0.5047579754451101,0.25940422611793845,0.060749528341006,0.0
0.153184406693751,0.8276709939036475,0.0,0.43966241697275343
0.9238619409368669,0.30977256288144017,0.028954994113452592,0.0
0.9468357585744276,0.7720946355299686,0.0,0.11339757210505663
0.005294079259529072,0.5089360303807431,0.0726283081930954,1.0
0.9912113328943968,0.6403812701302121,0.0,0.5674778484650553
0.3942012402160062,0.5207542766731205,0.9166621234343526,0.0
0.9946756525708039,0.10700032020216521,0.6472221518808547,0.0
0.32549706188548144,0.2936730007000625,0.0,0.6616003079072805
0.9175244752002064,0.4931465689971345,0.9262697976902352,0.0
0.9113166029967101,0.7307807833471293,1.0,0.11104857370787835
0.9447332842564728,0.7440355840207415,0.0,0.9402641173161355
0.776698949319145,0.00029465933968342295,0.0,0.26992687473569
0.8243056397999835,0.9936291978494077,0.0,0.9921665922475049
0.13082215445994594,0.22470688661018745,0.42199584034536963,0.0
0.9926801377769673,0.0408185073455013,0.7146828105278593,0.0
0.8018404345521047,0.6474943838663929,1.0,0.9247015301773422
0.7022480511806583,0.8457520233164328,0.3004036307811875,0.0
0.5173957376237425,0.35619842333422347,1.0,0.7393908249679226
0.0015522679915959126,0.8249786627985112,0.0,0.5971635380674276
0.21354422165152853,0.3251403606640676,1.0,0.7543297072661974
0.5278673870663194,0.47923464915545255,1.0,0.478772076614447
0.873898156454961,0.3573042323335418,0.031104419800825678,0.0
0.34979842208901935,0.9583452757538597,0.9808548858082791,1.0
0.5556039845661613,0.9490957626820847,0.3108208920277331,0.0
0.9665732701737518,0.2865165253745362,0.5287458139643779,0.0
0.2749579627034867,0.03831845154715385,0.0,0.1317315549507332
0.19867303746134257,0.6280972119477468,1.0,0.36421162430725795
0.2943062816136337,0.7238440981092323,0.8057850705029201,1.0
0.7033136802133967,0.3892044444990648,1.0,0.1698543707569793
0.6654890772185358,0.8816881641443659,1.0,0.3403302482305057
0.5181114669770128,0.8192065033236575,0.0,0.38182807602371716
0.6683246758148206,0.8552785172223426,0.0,0.7647661918574364
0.8889201373118162,0.08167404593045591,0.16298900960741758,1.0
0.4721999430413797,0.3431751532506837,1.0,0.06560172063743597
0.44048933581797456,0.33412938104011125,0.13199055072188415,1.0
0.16785579116505023,0.8868510875817394,0.0,0.38814946420483576
0.19166184095998884,0.003237367736359076,1.0,0.6928208413491017
0.7183992797567696,0.9296092004957001,0.4928835975316255,0.0
0.8124545415985405,0.9629651379748327,0.6585918003309517,1.0
0.8364334494318131,0.26741758664113335,0.06525996297213466,0.0
0.10771819994588394,0.5464312204398442,0.8431158052060437,0.0
0.5071230713256416,0.9120847776170122,0.0,0.5795021844417954
0.2749688142132747,0.14247896138559235,1.0,0.6161020761501406
0.4909249803998317,0.43700101786131007,0.11323652868186018,1.0
0.8821940939785928,0.8498631358546666,0.657336123756957,1.0
0.37684597504597717,0.5299536588142332,1.0,0.18160744650703187
0.7241485891731717,0.602323382902577,1.0,0.3079695551810433
0.17944226868506874,0.5551126819649392,0.0,0.4847141895733804
0.2073040262758996,0.5045902522614522,0.03810401594904933,0.0
0.41135379362118574,0.6821202868079606,0.0,0.7888868749299749
0.8004520297438829,0.6273723241186598,1.0,0.6789871425317022
0.8786776231005167,0.0328826916210786,0.7420200865208657,0.0
0.9068974840241799,0.17350071348046814,0.5088216837648369,0.0
0.13144828760634686,0.7406316307908208,0.7754559353700419,0.0
0.026021401001756872,0.49547226320896487,0.9307354737081739,0.0
0.6309111319176196,0.12649700787665075,1.0,0.26799915019545884
0.9752087675289306,0.5029079322675707,0.7553443620124258,1.0
0.33816664507705163,0.846965134169609,1.0,0.36558713230198725
0.37591879115515525,0.6320467279492618,0.0,0.697725742129006
0.7193260826115287,0.36729605135121257,0.0,0.23089102297750053
0.876589251315797,0.8388816660623545,0.23150651645144116,0.0
0.434319286470668,0.5235793078565543,0.30663523648745894,0.0
0.33600138999025053,0.7062519800872873,1.0,0.016161635215771852
0.4180963053577105,0.45541903662835037,0.7537747525354783,1.0
0.5889489326257057,0.841461035110269,0.2275299186662494,1.0
0.25463912344041206,0.895720282882295,0.5224500299623993,0.0
0.9661391604956383,0.5979648289020861,0.579793219153812,1.0
0.6291976020998564,0.6086770685888441,0.8637583570973271,0.0
0.250943059517863,0.39726532437729767,1.0,0.7018011398518
0.6663370659030117,0.6861121970834365,0.0,0.6276907037056021
0.022329939255501974,0.5035757948617438,0.5496185825912856,0.0
0.6752072296615194,0.07047405071127222,0.19137868133826208,0.0
0.9011376530663091,0.9771939967718001,0.9729186638964924,0.0
0.38483725116285916,0.2406417604173694,0.0,0.2230076027673875
0.7647376313245521,0.474558615330245,0.22054484894760007,0.0
0.625687493953669,0.447268576703999,0.0,0.3824750224614464
0.7073758155293466,0.3348871148041598,1.0,0.8016340389755907
0.787102925686565,0.21495933667632605,0.0,0.7493871310610238
0.9157516505758493,0.03803487471198441,0.0,0.43201488244469255
0.016285781971193458,0.18179955595998876,0.11223291570756411,1.0
0.0548095480825479,0.7696317278380641,1.0,0.7758502273139838
0.6788054803070595,0.6364550657341322,0.0,0.5545536905834165
0.4567075909823519,0.899132959478076,0.9869461800642645,1.0
0.190280237684897,0.411167860912107,0.6212232601114391,0.0
0.09920991449530048,0.3410916794140313,0.0,0.7369518426603898
0.05006326306084696,0.19173516877457397,0.0,0.06363486320653111
0.16541854576777293,0.9325018346373052,0.0,0.2353669664608078
0.8568397859831679,0.6137775402998148,0.0,0.14911838520752063
0.9797057541257251,0.08267296257316281,0.28551383906416294,0.0
0.8446501691911168,0.9968880843510973,1.0,0.9389844105729166
0.230806062223203,0.5124778320896705,0.6733734085179806,0.0
0.5524913666805119,0.6833472391663974,0.6719149468017953,0.0
0.23533513185505495,0.8883821880682056,0.0,0.33149639185286794
0.5452897441897416,0.7726466007199294,1.0,0.585777671484065
0.06672005235321365,0.20873318631058668,0.8678404492329794,0.0
0.3533515390248688,0.7845052887653661,0.7539086168417479,1.0
0.356006418372541,0.30004594434073395,0.0,0.3518283826626778
0.7561409949973393,0.0967665830459069,0.2598717349699391,0.0
0.8726648574103499,0.1340215746543747,1.0,0.713711995491443
0.6002004260172322,0.5847740475111973,1.0,0.5158019933517002
0.9099921285436704,0.37607280534267196,0.30749982813806964,1.0
0.1881435224702066,0.9515767412588354,0.003622034798881124,1.0
0.19741936873030885,0.5565118832061356,0.8071504491727346,0.0
0.011656436383988944,0.27482185046649465,0.0,0.06896672284417926
0.33968687209299053,0.24141522879231703,1.0,0.21761163950444518
0.2704440487318558,0.3280383174499325,1.0,0.5592113574448487
0.06687656436346323,0.6737259241578009,0.0,0.12755981629611357
0.47864336741478886,0.8283373317722955,0.532890336202374,1.0
0.04860307924524909,0.5328526176538056,0.9099193835774599,1.0
0.7065184879299955,0.6607193011073295,0.0,0.146454503665713
0.4498628994153129,0.3909514739287927,0.16406822960560818,0.0
0.40407598928950017,0.8315508389432394,0.04000022910664214,0.0
0.8323807608475245,0.7353176554369757,0.3052483730372928,1.0
0.2026843454607039,0.00153662631722018,1.0,0.45648188520207134
0.3169350655071501,0.5637679661615737,0.0,0.5920666559630345
0.40530088155475186,0.5068387959553007,0.5559931631601498,1.0
0.8683972188826151,0.7207896938703283,1.0,0.7477486570655705
0.8521193093791394,0.7318630316674873,1.0,0.4043876073656332
0.8180626604805107,0.3640096798222826,0.0,0.21492104062512007
0.08000416082126038,0.17641463149252645,0.10166193073066321,0.0
0.3599985929684689,0.4088688011223679,0.6749629199433951,1.0
0.11837632561566691,0.1801184487113373,0.13915313695131148,0.0
0.38791305493991635,0.830174755388662,0.0,0.9492824307510097
0.68045252357846,0.750239279557744,0.22441569900568714,1.0
0.12551032473298884,0.4239057949222943,0.5489839490716983,1.0
0.4035256186816598,0.7168186994566907,1.0,0.5914459473523808
0.8825835157110686,0.40122183654716237,0.2935263625989184,1.0
0.14884215698391823,0.36861420875742357,1.0,0.4008774842017777
0.19109042851039293,0.8190121811198522,1.0,0.35713268133864506
0.4211030895760417,0.6095909219171959,0.0,0.2659764153079145
0.20362421655926566,0.6794623109731643,1.0,0.7919721011147005
0.4541278516011533,0.4767426649434531,1.0,0.5015481439722818
0.64176581063641,0.017649123287627133,0.5751924107374871,0.0
0.8284186748327107,0.17227684577027047,0.5533640008407912,1.0
0.9023936404936448,0.08020506389373194,1.0,0.49730226060505656
0.8216163922393411,0.7860645255253573,0.3706513079530467,0.0
0.37905286847042496,0.6898285230079589,0.44324216668909244,0.0
0.8291829493728935,0.9656521600730859,1.0,0.3814706065029472
0.3985596441146231,0.47061166317150505,0.0,0.39477905045006967
0.3976263194049763,0.3161423844795105,0.3342199629465936,1.0
0.7723794502512733,0.3597714466533103,1.0,0.7791225938872031
0.753222028967773,0.031239110821582594,0.0,0.698270940900171
0.007664807251913541,0.9943394576756792,0.358816776614173,0.0
0.33192477085600125,0.47154176805174486,0.13734510655359244,0.0
0.4124222315517039,0.10905406483462965,1.0,0.7021886073569386
0.6530534402055758,0.5707149724706324,0.0,0.3963820925066557
0.9876266880975265,0.6173303211664386,0.554698679804321,0.0
0.16880245675180028,0.1758138204247396,0.0,0.16277872779525326
0.7152900089798139,0.12321901158643345,0.6400758091676026,0.0
0.8610097844217764,0.07911386384422991,0.1634988205725434,0.0
0.1615592120423508,0.45065130942346243,1.0,0.6569516879950021
0.18826034094886168,0.6346596014850419,1.0,0.6818682739058808
0.6727019281366505,0.532497250742209,0.23984727844968168,1.0
0.7382495647915123,0.5329970381294071,0.7763126757154182,1.0
0.3019530012638415,0.38240031920067297,0.5886713042548366,0.0
0.4945990643662378,0.42250796454644657,0.0,0.23505685965125434
0.026640441269047632,0.8643248858835898,1.0,0.9195943462265865
0.4620780146315546,0.577693861611953,0.32979035536310697,0.0
0.4291949231833866,0.1645034193806647,1.0,0.43573278130641135
0.7923799771496166,0.420656621255038,1.0,0.21249860879615268
0.2931102230493998,0.259665912704072,0.13035291463019583,0.0
0.5703057139329708,0.770278960237139,0.35933589633845564,0.0
0.6673659227392964,0.5589294597140405,0.5960175930738467,0.0
0.67247084153877,0.5952545293911464,0.0,0.9519074270232015
0.9788436092841099,0.19248215195523288,1.0,0.46606833613815013
0.32107526367641415,0.22792787400766878,0.0,0.5730897547554781
0.27036954687456405,0.20450410545021802,0.0,0.35128702279504154
0.15649275631111714,0.129347305643711,0.3900532363407119,0.0
0.48791194819183425,0.25652116939803027,0.0,0.24651048111784846
0.9712781298841456,0.2297610016480559,1.0,0.9733452913095406
0.7326852927938119,0.19400843831996406,0.0,0.6362741881470164
0.7002043195179453,0.7286157433270851,0.5561386539614643,0.0
0.27513453350244,0.3649327047155163,1.0,0.5210733229056865
0.2791768346533883,0.5220901997658988,0.0,0.19056735389726454
0.3662575345860386,0.5363503425470397,0.9251387888988529,0.0
0.5052949546693943,0.5655928440361028,1.0,0.5402877980287113
0.04697975920087416,0.7621444635833585,0.0,0.11010029220780204
0.3607690725224174,0.8118793844909985,0.0,0.706944796204974
0.6422948058558121,0.1770260773688187,0.0,0.6435412866155494
0.22050879523461286,0.4551855913526244,0.6933407533610279,1.0
0.4089256732136771,0.6388154657479528,0.0,0.9846671001165452
0.5402481534147516,0.7521186627665611,1.0,0.16250825365915356
0.705954731562561,0.5378627363703186,0.0,0.7182739431119844
0.18582089583836414,0.3532160806718404,1.0,0.7536291610628827
0.35487483404129594,0.15772247100481895,0.0,0.5404915720237815
0.04741079802427295,0.42021314821705735,1.0,0.32847124334669076
0.479929135250862,0.9488616068719053,1.0,0.9693258097232977
0.3684364622714106,0.492091278102744,0.0,0.3578189484701695
0.8654351386717302,0.5230850792178727,0.026367585867589582,0.0
0.46525900793689057,0.4361064503951545,0.0,0.3366734302950336
0.062155518788126196,0.8956512474769304,0.0,0.4862047520123203
0.1953298038682152,0.7532064404322136,0.939631742753873,1.0
0.0962638506352419,0.5593121886997352,0.3760915543022132,0.0
0.6832041084692929,0.1802445410769299,0.08226351953130884,1.0
0.17165579855084445,0.47102719670504556,0.0,0.42835293398904684
0.4261952786905223,0.2534215190115635,0.18630992610997188,0.0
0.9350393745072312,0.7320588598372,0.0,0.4690864002315571
0.9539027660535825,0.5876304062190298,1.0,0.015117434853871625
0.6533589188908195,0.607291826412191,0.5991309668843634,0.0
0.17467622138430527,0.9693732120452462,1.0,0.5030813665679532
0.4612641784892302,0.7167492402930042,0.3529023396471236,0.0
0.5390505336614351,0.9839388885019514,1.0,0.0678815254213263
0.4268267434255222,0.03381453819998248,0.1691482496227339,1.0
0.07490259762890117,0.6738765024723442,0.0,0.6077417820641662
0.4415355773772177,0.7621988828839862,1.0,0.3380617685107339
0.3651693648089247,0.225473268293353,0.0,0.10259198859434804
0.43284666749697276,0.9304037674613225,0.8585920709805253,0.0
0.841564108593849,0.3744461114920461,0.8478301713394192,0.0
0.22644621424333033,0.8816168102678644,0.0,0.5555734297119455
0.5312454792594223,0.045093386368645016,0.13595313282573507,0.0
0.04214804511708237,0.023175812729384404,0.0,0.1259275943528828
0.8041326990472477,0.9377243528150586,0.33267928974402805,1.0
0.787784494522586,0.0016945730280346627,0.21306509921226535,1.0
0.2960435910533621,0.8036069698034888,0.0,0.40447652597197115
0.658381406875064,0.17612628513202389,0.0,0.48902101408316767
0.9722474548594906,0.8330078372543404,0.6613941599182023,1.0
0.8835050528224041,0.1293328285512756,0.7224125735728917,1.0
0.7386852671815789,0.9663852709500523,0.0,0.3757133255613865
0.46518840199378597,0.25591530003195906,1.0,0.46593763229720553
0.1144759857553026,0.7292291386115376,1.0,0.22867303564451902
0.7667910118336014,0.23181833556923137,1.0,0.01647427775408783
0.9125629204334161,0.23210476679282843,0.736783375842522,0.0
0.01141959240724566,0.14363195706005416,0.6373109970392759,1.0
0.12791915332152703,0.9544611786390257,1.0,0.4835754534969663
0.07925109855501367,0.2604787149190668,0.49629782466332584,1.0
0.7981063638593547,0.5576480253793812,0.0,0.818887012381948
0.9697218532920973,0.7533009903500072,0.41050873050954007,0.0
0.22444586598388105,0.7009200858691189,0.11822679208468845,1.0
0.08622470188498688,0.4915800054822709,0.6767530048446089,1.0
0.24876901363838666,0.8919424292833955,0.6575413910099543,1.0
0.827855892608459,0.35893303188067205,0.0,0.6733955630837314
0.570757036446646,0.36154153584047133,0.0,0.027844019886682503
0.06272278787354457,0.21802517204778693,0.0,0.5319315324196716
0.39787084046586885,0.13688537505406084,0.5138373023574463,0.0
0.797467109316818,0.27872002765822657,0.8340776894668194,0.0
0.30236029443776746,0.9320182868344851,1.0,0.8550895035921124
0.09474696323884424,0.3846508024023483,0.6897196320008168,0.0
0.5921964400967578,0.24858401996597246,0.9872741731129699,0.0
0.7918438660643269,0.9495513812027647,0.4925010347392531,0.0
0.28102248061070745,0.9744856481294206,1.0,0.8152078336942257
0.08214740768097595,0.9724027213037278,0.7477011565628238,1.0
0.8869650436950496,0.21191526370043168,1.0,0.7108175144745021
0.5903185599310381,0.008415471221894122,0.22261036059710726,0.0
0.1234787435064012,0.01745720867576306,0.0,0.11967916996188777
0.513135223961253,0.8356920181422753,0.0,0.663921172384236
0.12149982609904642,0.21134043334850594,0.34596626239847206,1.0
0.9638177406074325,0.9426905549795651,0.393589345586308,0.0
0.5075340482511793,0.2630022567036274,0.0,0.9950937317436948
0.8251120842783677,0.5584286839659693,0.18376590035214901,0.0
0.7995695050042653,0.40336790460359895,0.0,0.6528449498201212
0.818944146367637,0.41370799485160914,0.7275021189463748,1.0
0.85529979645931,0.40448383915939023,0.2608569041856783,1.0
0.6500478031981244,0.8599522230281889,0.8619590208901795,0.0
0.6416182355026171,0.5374373368382815,0.9458586196421175,1.0
0.7800870376957882,0.7117949894349654,0.0,0.4051532224098633
0.08247923237920085,0.5664618134911521,0.0,0.4721527227024165
0.043785918492155074,0.009117564083086394,1.0,0.35828790182029024
0.002442283100480225,0.5756699779728124,0.2197742525887092,1.0
0.3035131669613319,0.8610759688228629,1.0,0.038986297670552617
0.47942407073693694,0.9953262129514683,0.5776967050734738,1.0
0.6393137987946996,0.5789708759093941,0.0,0.4403201103968968
0.7170298084494018,0.0777934342320975,0.5926130934288616,1.0
0.41953525679492887,0.31003146003097903,0.0,0.5490395072158138
0.19653256686732035,0.8050467766125462,0.0,0.229329060282216
0.2442935672290314,0.014267713372474122,0.0,0.8473529085242144
0.2867869770729957,0.7353465969654478,0.0,0.10104955677538952
0.5492640345430483,0.3866957559621138,0.9904602361426367,0.0
0.6439841859504265,0.9164648626080046,0.9533719340724303,0.0
0.3749552178573221,0.2612233927048673,0.022245892594255245,1.0
0.6992511092093785,0.7094095626561129,1.0,0.45245839795058274
0.5366113282976371,0.01507624328845858,0.5766552422048083,1.0
0.6257104251660973,0.1928874831945787,0.0,0.7097832678356695
0.14114692755382252,0.4108363516159296,0.0,0.2613120512983702
0.9371571537866648,0.4923523975026738,0.0,0.2025901006277655
0.10256176221821656,0.5394534982340304,0.6172558638961334,0.0
0.7199408008500733,0.9831405969005971,1.0,0.7320221779087857
0.19057200195522062,0.8145129941375895,0.6666564705468647,0.0
0.10463879819648414,0.2958517370071796,0.0,0.4022686742376451
0.6327687368861712,0.5342125118766202,0.8431956731115537,0.0
0.6045742523587754,0.2613583354404083,0.0,0.5327423272512468
0.40962331340643576,0.11904591419213262,0.0,0.5372329017848987
0.8036672524286338,0.018779584097989965,0.0,0.9511602922763247
0.30550377527433825,0.5354536261265047,0.9102406885574346,1.0
0.535631713844495,0.7622755048103169,0.019157716905948252,0.0
0.8906165979980857,0.7913125230385593,1.0,0.5162615508603121
0.17773002570034457,0.26046012050517864,1.0,0.101324520968185
0.47353685726774575,0.6686606687399036,0.7538242630514098,0.0
0.04893163770715003,0.5445952489346635,0.9050246663200241,1.0
0.521305450433667,0.6645684953020434,0.46162129725936785,1.0
0.989777832229518,0.32123591527052364,0.5120756736078871,0.0
0.2721827831443203,0.31371052636491914,0.15699366115963365,1.0
0.5288569452388622,0.7915101114876163,1.0,0.22596822319204835
0.5842535388268828,0.04770961198555845,0.2783851044646335,1.0
0.7235103189580881,0.5853830775643024,0.7657456176438711,0.0
0.5173987705900907,0.4453127341138756,1.0,0.7399411355487522
0.6837971713884546,0.14527336265415758,0.660921530367971,0.0
0.37042329726565926,0.556355055218468,0.0,0.9166850264613267
0.5774601582773967,0.9657949026285239,0.3944453754112196,1.0
0.3708900571302699,0.8977537490351671,1.0,0.2122298655539283
0.7162162196745963,0.006501660952976329,0.7415566343814981,0.0
0.37544687703155655,0.594566658099286,0.7504145671487397,1.0
0.51827905584927,0.6252659619363505,0.0,0.04321878988209882
0.32187583161145317,0.21991197118952555,0.7918678575905664,0.0
0.1138878019244014,0.9135190387984239,0.6467594620502624,1.0
0.06416823883394496,0.7679873067971023,0.0,0.5275543033957866
0.7736508749553724,0.012715389401944721,1.0,0.9554634374425017
0.6556536711355828,0.32268863763666833,0.0,0.5842323078449336
0.11297054912685423,0.7601950250604953,0.5932645691322485,0.0
0.49406872696280657,0.16445245349131477,0.4724143545397159,0.0
0.8443479115542338,0.8871618167919543,0.12296444556420294,1.0
0.8400294420629952,0.811077148146998,0.0,0.1665491416868039
0.9420647941744752,0.739667366285165,0.0,0.9550646673068255
0.46776828108379853,0.6266056335640079,0.71837282505733,1.0
0.42083651710578085,0.6704213609850214,1.0,0.9855989916850652
0.29428377212353585,0.49123576888710097,0.7633838197925047,1.0
0.010560990995469699,0.1053872017463604,1.0,0.048482679389120875
0.23124073885516283,0.7851011608171831,0.0,0.9857621758173298
0.17066162286624031,0.8863372766378402,0.7092785855183474,0.0
0.3286553362192597,0.28287168106228133,0.8375544840737188,0.0
0.6819499656239338,0.3208871584009835,1.0,0.2511611652987704
0.11562718534150795,0.7422355846711354,1.0,0.47218823094523543
0.8805595535453111,0.4281636448380336,1.0,0.5252914198227407
0.7204415911063764,0.8373286673716064,0.681290206635004,1.0
0.27179579445973023,0.7733709530453834,0.31747404486595876,0.0
0.9860375062561253,0.7307056673575946,0.0,0.02292059273838598
0.34041380704763347,0.7796014796994841,1.0,0.04136879040741759
0.9295461811553044,0.20038624835772179,0.5884409622184319,0.0
0.6106977624128258,0.9163544219803874,0.2547422978718372,1.0
0.7730982581377372,0.0928787350538498,0.8352923911150101,0.0
0.9247407925536801,0.04667882301324189,1.0,0.524239278644008
0.24009111127452765,0.5583481685250933,0.08663223955457466,1.0
0.508303498506226,0.34312264095892797,1.0,0.3530429602856717
0.5407729507460254,0.7789090387208458,0.5725503189306203,0.0
0.7386773510646673,0.9019755872225605,1.0,0.9051829200951924
0.4799419405138605,0.7001484965550413,1.0,0.8963823944695997
0.8201750395256464,0.3624579039044552,0.38762194405347117,0.0
0.3249031319520894,0.026937505283166407,0.06961849730991165,0.0
0.40885851370237836,0.6903997213015507,1.0,0.36275313506316076
0.2993329136215398,0.7438441778187841,1.0,0.0762693213413348
0.2059235672789237,0.27758890455963714,0.7183029733411437,1.0
0.3261398691276344,0.2601457371806045,0.0,0.5033759594854552
0.35245933089339954,0.8867137275630206,0.0,0.7151628737421625
0.011604508248335588,0.5466549710298937,0.0,0.2944821347162825
0.5887224713223997,0.06616112212731973,0.6009444668291208,0.0
0.8280779584803479,0.011166579902778806,0.24255048059217987,1.0
0.18884123895051153,0.1956402106113888,0.0,0.6637672437397946
0.3418244129894965,0.7712473570147026,0.3809899393468088,0.0
0.21344038700881574,0.5586317526742621,0.7548858860194603,0.0
0.12538667917022261,0.24280519440199166,1.0,0.889550787498782
0.29373466550987315,0.029767013866302094,0.0,0.025508883459896214
0.20150151602647104,0.5129574155920341,1.0,0.22481112381971657
0.016047377552516617,0.5007996744047423,0.0,0.6026222490867976
0.04449769549532423,0.7764150793481726,0.48243752113132077,1.0
0.9046540435097457,0.3423742011793979,0.33164431347152457,1.0
0.018956228552941545,0.5709977408117528,1.0,0.7348447912436669
0.08375761070336962,0.7871689941108871,0.0022628541167200034,0.0
0.4062064704571491,0.953300371207711,1.0,0.957596741012571
0.6865791105100844,0.7278168571925109,0.5775599834259997,1.0
0.44196444304267224,0.5162888620719013,0.6449152660193143,0.0
0.6366090247422205,0.6355731959878463,0.13597203182016138,1.0
0.3502989030677598,0.7019759482402,0.0,0.5219421526397725
0.023918839258474933,0.33347668264507735,0.0,0.33632189760586506
0.21171486885749025,0.8082379733582166,0.4180257473610576,0.0
0.6269294905293444,0.5161332893128527,0.7350838812353149,0.0
0.7919970437008796,0.7153383418379672,0.09754028883211685,0.0
0.4008489498628883,0.42396368979021615,0.6769085239950865,0.0
0.7039361959908242,0.43134229463157203,1.0,0.21804014633564917
0.9361105016419617,0.2026461314975574,0.0,0.5664301828408087
0.24987292418052065,0.3391932078263201,0.0,0.2742974010325354
0.562332432225584,0.1960949719801136,0.3626869662180927,0.0
0.2737264194678841,0.691754236341542,1.0,0.48512652749408725
0.5213770106062653,0.20869331157616988,0.6367704133721586,1.0
0.4334320833924107,0.9066193473020319,0.23038930388008438,0.0
0.3321357998194048,0.6710190320874823,0.5669829319887265,0.0
0.8565645028712304,0.8651407552972153,0.6098989838103308,0.0
0.17036844381050287,0.7853570287515118,1.0,0.8630757950212349
0.8846859366666109,0.43295657826698086,0.004397984615226669,1.0
0.054763542967007584,0.7771357361918597,0.9080546466167907,1.0
0.18077436191023677,0.031236553989447358,1.0,0.08994259658926262
0.9665298741462116,0.9590274006891871,0.3306709597929216,0.0
0.7128606807543304,0.4951896752332312,0.39286971389464975,1.0
0.7886797941504479,0.16159184807611293,1.0,0.2602326274280795
0.4154056382776793,0.3053566914342458,0.7095385060689874,1.0
0.7246494183359455,0.19913242313607005,0.6428143114265077,0.0
0.6272900236819323,0.3975998400402251,0.33839338049209733,0.0
0.33234551660521106,0.0910872540242662,0.9473962789790242,0.0
0.4393436569284005,0.009750971020439536,1.0,0.5820564295112414
0.3453030977579643,0.5438332096842691,0.30853463980515494,0.0
0.14890734247155835,0.44837964528280694,1.0,0.9530420939721282
0.45157979332675136,0.049200680091626925,0.0,0.11014561283256974
0.8316970549018019,0.8333991840926801,0.6128557164694102,1.0
0.39076378372110765,0.5371462068147065,1.0,0.864271103136792
0.7249743859548673,0.7235414995377517,1.0,0.23407853978626258
0.32065368967273133,0.9003734079338,0.0,0.014229450444546377
0.010153826568175983,0.9753428175357175,0.35257605148570903,0.0
0.2659650740512741,0.09252038798159445,0.5427847024256431,0.0
0.5094661870340236,0.3567063294921743,0.0,0.02534249108907005
0.24596601509201077,0.8656967149299812,0.43908248460051835,1.0
0.42391884452259454,0.30950263784669363,0.5024565912641243,0.0
0.10485621569623904,0.2055517897425655,0.2594024189871189,1.0
0.32030996672865975,0.46407106467077075,0.0,0.7347000704809887
0.831307989641811,0.2458711426343516,0.9290988131927391,0.0
0.3993170154552085,0.6803392451844044,0.8344687540338556,0.0
0.5060505451697209,0.11858913600604393,1.0,0.6879014132436247
0.7996069298239256,0.23618704781789068,0.0,0.17447072754239779
0.31456428936748804,0.3952384772087182,0.3899596576088502,1.0
0.23537289142929896,0.3869120522684626,0.2694367655224701,0.0
0.8870437437212239,0.002535017155312791,0.5941929995724142,1.0
0.7288771443483326,0.9570109282433227,0.9735118760882822,0.0
0.42408479446865144,0.12658091422293494,0.9670630135504155,1.0
0.23332528446872736,0.6695222566763995,1.0,0.19299730512140556
0.9709542724846305,0.4221689906062498,1.0,0.7740935087341629
0.9661473635981362,0.12898212680154797,1.0,0.04465398611928029
0.9278545624082685,0.6689093518251673,0.0,0.6719815457963789
0.7689310923057964,0.5097955046546737,0.0,0.8757770365636706
0.9635758505487594,0.7822756890883176,1.0,0.7174233620206554
0.5964824685584791,0.9284185780176155,0.0038380879003594437,0.0
0.22302487814758554,0.23164604919799503,0.0,0.70249211285658
0.1034935033738299,0.876498250914435,0.0,0.543999679999629
0.37768239680416793,0.6231946415713858,0.0,0.8246694549619891
0.26741554629184117,0.4870399721959868,1.0,0.7228370285715497
0.4437021522780854,0.30783992044960373,0.0,0.9892448399899716
0.17434726098333708,0.9987824648010302,0.7828134851067836,0.0
0.9670166484233303,0.5245801772932792,1.0,0.8201699931450088
0.7206512725293868,0.9728173004645376,0.9353399379522487,1.0
0.9999933924152786,0.4116334549441255,0.3504279579756284,1.0
0.4260503941652988,0.8145493917660425,0.5426215237373615,1.0
0.4058577051168123,0.9105532453441664,0.0,0.0031976689388697466
0.8074010918839536,0.9007113322406025,0.8958903471857211,1.0
0.16181331481568317,0.2962639544301131,0.0,0.6946738084563218
0.9611441845506687,0.5135200885784221,0.4323990773505848,1.0
0.720368461446713,0.31260715394518945,0.6184942447397321,1.0
0.5364745854722834,0.33609918335516287,0.4615003451882336,1.0
0.9280334724830056,0.030404532613848567,0.0,0.6987321100773052
0.6454915541952652,0.2122616508682893,0.0,0.8843948167867985
0.4362046739935479,0.5275792787801629,1.0,0.04563688611983885
0.7199411042384531,0.6841612399452325,0.0,0.1997559981369874
0.6334462448419004,0.00859948406053257,0.4771386763753829,0.0
0.5159467612892468,0.4350365700920963,0.9582897804661026,1.0
0.8049397477015344,0.08949266762499208,1.0,0.2419303550733911
0.036918138425287794,0.19183435421287998,1.0,0.6248528741934538
0.6511621057871332,0.3479340186315355,0.621197754891941,1.0
0.3347256633477538,0.5051575033652232,0.0,0.5002369636099493
0.9510039721718553,0.151443282281153,0.0,0.17412245249777492
0.9884541263806279,0.1661672167026601,0.5153555982189708,1.0
0.5756122170740307,0.5094597436639803,0.6564485383046152,1.0
0.3631953798307268,0.8733094628652155,0.5078708359307793,1.0
0.8923290278928735,0.3794767567845192,0.9634549928141665,1.0
0.24932342010475628,0.5174167775671981,0.9427578998123245,1.0
0.009208622914680387,0.005203698745735119,0.36602073242014077,0.0
0.1838007763456121,0.21935886805978588,1.0,0.18546372173384684
0.2731057471647701,0.7668808269891674,0.0,0.782584435277168
0.23148703708865137,0.45718879314036487,0.7803913707281129,0.0
0.9042768487211001,0.8444419765440365,0.0,0.9074189677737277
0.048983520333160335,0.9557796418683676,0.25512379298867804,1.0
0.9908414959910485,0.05446261457583079,0.4388211718860937,1.0
0.255735322122711,0.20360747599976414,0.0,0.8876571433343963
0.5872506190661411,0.9290850189998866,0.26068575939863736,1.0
0.8647805963801044,0.5773124709232831,0.0,0.595716987251274
0.30092912296118823,0.5661221231828357,0.6739614445252502,1.0
0.8612247590735086,0.33368977227878416,0.7270802670436622,0.0
0.40870420418335107,0.9285549774674999,1.0,0.5795578477366639
0.33245948923432433,0.7161016520210457,0.29337236958787516,1.0
0.889419878359075,0.3549057004525329,0.0,0.9832610783260072
0.6900232232523926,0.9772857164017054,0.1645815069071621,0.0
0.2371832585372451,0.172837882062428,0.0,0.39674318602218417
0.5377727710421576,0.7258560380482253,0.1279945712857553,1.0
0.8642927348812429,0.2832411918443307,0.4450168272964947,1.0
0.1369210158413524,0.12869414761610387,0.5915320537963096,0.0
0.06412657444412717,0.2821222618879674,0.0,0.20554816239766582
0.0028791380133547095,0.47204783752717894,0.9302710841290605,1.0
0.9421502420442832,0.5737299576781661,0.29537492804733256,1.0
0.892118856191712,0.9874971813387532,1.0,0.6867088508632637
0.2387240389040456,0.5886710245195159,0.045687502207146125,1.0
0.8983912379898823,0.798556987237414,0.0,0.3536864330750613
0.11839789042010262,0.27215624153338736,0.4118980988534373,0.0
0.647889778990791,0.5536794469049529,0.0,0.29959120417239893
0.3244360026776192,0.3943360042537315,0.0,0.6588045843190162
0.9874467678903172,0.48049830926255743,1.0,0.41815413479330443
0.5080772557020866,0.9763272334522834,0.0,0.9045066772192594
0.8043512667343514,0.4084205993930139,0.3993349765016543,0.0
0.45725281205117674,0.3787948736320098,0.0,0.693840165328385
0.029584657738381592,0.5469437109744203,0.5878415079320485,0.0
0.6501877877623755,0.45131257131328517,0.33158769023043844,0.0
0.3482059465232774,0.8832936033461821,0.016954778563003092,0.0
0.0898412505251669,0.5164667264710292,0.0,0.21852099105913947
0.9699123880225706,0.37071179710949465,1.0,0.2295660051118924
0.2646176620630005,0.21279573427196163,0.0,0.6219434891796034
0.288019828812745,0.40449534828561373,1.0,0.6292201539068545
0.6256924977836739,0.7335433387258552,1.0,0.19111371665920984
0.7879880342168512,0.7886812744929467,1.0,0.33437684033722626
0.6627266892329161,0.4235399459953457,0.0,0.10615727799452523
0.17720832826295885,0.2502986685629154,0.0,0.26065527396500165
0.04814340933516392,0.40130643380942055,0.0,0.3047695183522321
0.7602516127703823,0.9111832090442415,0.7643278525077051,1.0
0.7211695422125659,0.953851050309971,1.0,0.32910058008197174
0.4840801635661176,0.27222525341960113,0.4011781553942777,0.0
0.5393075772249901,0.9472282328908229,0.8016144604028894,0.0
0.3740350116832769,0.6508835093752022,0.5227501838113588,1.0
0.9749081993699052,0.020574167171794278,0.0,0.22777142076656176
0.2114430103680165,0.019067419435074395,0.8315616814521727,1.0
0.6732286287137741,0.5921766508399531,0.7908042518274292,0.0
0.6613509897773471,0.9385388708223897,0.23021097080127317,0.0
0.8382464740441148,0.14730945070723456,0.0,0.26285116392280505
0.11257247899282108,0.08120728957622991,0.0,0.08494413729953987
0.3496680995061554,0.9583576700532619,1.0,0.9261566489504593
0.6110348944799534,0.08127908655744398,0.2581034459069027,1.0
0.3889949800435619,0.76091217906716,0.0,0.349563306326234
0.7761238505361538,0.4801497842810801,0.0,0.7796535190502363
0.3898761402207167,0.5235213764715789,1.0,0.6265867297766388
0.5828967403718903,0.35500499985941747,0.1770795865004282,1.0
0.10336938051012845,0.2189800642866605,0.8261430198986357,0.0
0.9123989426651439,0.6074715739382404,0.6405054414839348,0.0
0.5139223007777107,0.6633986200527281,0.06303811005301796,0.0
0.9218104542187938,0.3328871225697896,1.0,0.34518928820301165
0.1077188498823245,0.10824332248270496,0.0,0.06501826288984969
0.8073036815865513,0.19852535438999297,0.5575280202679762,1.0
0.5915330975516557,0.35424132302432565,0.49718240698786387,0.0
0.46721027575716845,0.5899588389035489,0.0,0.6809937089389537
0.6024073642019186,0.801033665048848,0.6179154855991964,1.0
0.9228341203698857,0.5282437932654713,0.0,0.17521538968675143
0.6924777223586503,0.7396333148668729,0.0,0.03256476246287132
0.604797895748425,0.6604449645331919,1.0,0.07978071526146113
0.8156817367881676,0.47161421731519293,0.9301029193326276,1.0
0.7728414328999972,0.1162526910767242,0.010831431623818943,0.0
0.39646096544195863,0.30619908472147683,0.6763978972593625,1.0
0.1199520550754799,0.332981359091025,0.0,0.5648104164667287
0.6637268508606664,0.7986456278086775,1.0,0.9629646093406539
0.5186934892034725,0.4702405008742985,0.9242741967746873,1.0
0.0019221310993848828,0.7375927215865715,0.9727497758952017,1.0
0.3971714550680554,0.7690548601239658,0.0,0.6371019341633986
0.10831140217566526,0.08328477736255058,0.8563567150844515,1.0
0.7080617377082956,0.6228976863416583,1.0,0.2861526662635603
0.951853083374509,0.44131892057422983,0.6508506913524577,1.0
0.9422550248157544,0.3825523283896568,0.8513661739120097,1.0
0.8230655426548606,0.10510052328210695,0.0,0.42355134659017235
0.8036921580996315,0.9387719074314627,0.0,0.20202136170704144
0.48120273727412066,0.4200420958706228,1.0,0.7369202327975848
0.6849880315680584,0.6913041890459398,0.0,0.23945392887574402
